<?xml version="1.0" encoding="UTF-8" standalone="no" ?>
<COLLADA xmlns="http://www.collada.org/2005/11/COLLADASchema" version="1.4.1">
    <asset>
        <contributor>
            <authoring_tool>SketchUp 15.3.331</authoring_tool>
        </contributor>
        <created>2015-10-27T04:28:46Z</created>
        <modified>2015-10-27T04:28:46Z</modified>
        <unit meter="0.0254" name="inch" />
        <up_axis>Z_UP</up_axis>
    </asset>
    <library_visual_scenes>
        <visual_scene id="ID1">
            <node name="SketchUp">
                <node id="skp_camera" name="Last Saved SketchUp View">
                    <lookat>201.7847 25.87361 46.44689 -24.44867 100.5985 -7.818198 -0.2108685 0.06964989 0.9750299</lookat>
                </node>
                <node id="ID2" name="instance_0">
                    <matrix>1 0 0 34.10936 0 1 0 19.80454 0 0 1 -7.252382e-012 0 0 0 1</matrix>
                    <instance_node url="#ID3" />
                </node>
            </node>
        </visual_scene>
    </library_visual_scenes>
    <library_nodes>
        <node id="ID3" name="Fountain">
            <instance_geometry url="#ID659">
                <bind_material>
                    <technique_common>
                        <instance_material symbol="Material2" target="#ID481">
                            <bind_vertex_input semantic="UVSET0" input_semantic="TEXCOORD" input_set="0" />
                        </instance_material>
                    </technique_common>
                </bind_material>
            </instance_geometry>
            <node id="ID4" name="group_0">
                <matrix>1 0 0 47.60268 0 1 0 23.7759 0 0 1 9.586967 0 0 0 1</matrix>
                <instance_geometry url="#ID368">
                    <bind_material>
                        <technique_common>
                            <instance_material symbol="Material2" target="#ID86">
                                <bind_vertex_input semantic="UVSET0" input_semantic="TEXCOORD" input_set="0" />
                            </instance_material>
                            <instance_material symbol="Material3" target="#ID91">
                                <bind_vertex_input semantic="UVSET0" input_semantic="TEXCOORD" input_set="0" />
                            </instance_material>
                        </technique_common>
                    </bind_material>
                </instance_geometry>
                <node id="ID5" name="instance_1">
                    <matrix>0.7215356 -0.2784644 -0.6339116 1.266958 -0.2784644 0.7215356 -0.6339116 8.273403 0.6339116 0.6339116 0.4430712 33.12532 0 0 0 1</matrix>
                    <instance_node url="#ID6" />
                </node>
                <node id="ID17" name="instance_2">
                    <matrix>0.0008290917 -0.9991709 -0.04070391 2.326041 -0.9991709 0.0008290917 -0.04070391 8.283213 0.04070391 0.04070391 -0.9983418 33.38849 0 0 0 1</matrix>
                    <instance_node url="#ID6" />
                </node>
                <node id="ID18" name="instance_3">
                    <matrix>0.0008290917 -0.9991709 -0.04070391 1.962254 -0.9991709 0.0008290917 -0.04070391 8.704027 0.04070391 0.04070391 -0.9983418 33.38358 0 0 0 1</matrix>
                    <instance_node url="#ID6" />
                </node>
                <node id="ID19" name="instance_4">
                    <matrix>0.0008290917 -0.9991709 -0.04070391 2.747131 -0.9991709 0.0008290917 -0.04070391 9.56215 0.04070391 0.04070391 -0.9983418 33.41159 0 0 0 1</matrix>
                    <instance_node url="#ID6" />
                </node>
                <node id="ID20" name="instance_5">
                    <matrix>0.0008290917 -0.9991709 -0.04070391 2.81773 -0.9991709 0.0008290917 -0.04070391 10.34541 0.04070391 0.04070391 -0.9983418 33.3986 0 0 0 1</matrix>
                    <instance_node url="#ID6" />
                </node>
                <node id="ID21" name="instance_6">
                    <matrix>0.0008290917 -0.9991709 -0.04070391 1.837178 -0.9991709 0.0008290917 -0.04070391 9.627087 0.04070391 0.04070391 -0.9983418 33.36401 0 0 0 1</matrix>
                    <instance_node url="#ID6" />
                </node>
                <node id="ID22" name="instance_7">
                    <matrix>0.0008290917 -0.9991709 -0.04070391 1.12167 -0.9991709 0.0008290917 -0.04070391 9.696527 0.04070391 0.04070391 -0.9983418 33.32167 0 0 0 1</matrix>
                    <instance_node url="#ID6" />
                </node>
                <node id="ID23" name="instance_8">
                    <matrix>0.0008290917 -0.9991709 -0.04070391 1.97906 -0.9991709 0.0008290917 -0.04070391 11.08207 0.04070391 0.04070391 -0.9983418 33.33107 0 0 0 1</matrix>
                    <instance_node url="#ID6" />
                </node>
                <node id="ID24" name="instance_9">
                    <matrix>0.7690218 -0.08222881 -0.6339116 2.581662 -0.4557231 0.624878 -0.6339116 7.452826 0.4482432 0.77638 0.4430712 33.11987 0 0 0 1</matrix>
                    <instance_node url="#ID6" />
                </node>
                <node id="ID25" name="instance_10">
                    <matrix>0.0008290917 -0.9991709 -0.04070391 2.489885 -0.9991709 0.0008290917 -0.04070391 8.29957 0.04070391 0.04070391 -0.9983418 33.28962 0 0 0 1</matrix>
                    <instance_node url="#ID6" />
                </node>
                <node id="ID26" name="instance_11">
                    <matrix>0.7690218 -0.08222881 -0.6339116 3.108814 -0.4557231 0.624878 -0.6339116 6.802219 0.4482432 0.77638 0.4430712 32.82575 0 0 0 1</matrix>
                    <instance_node url="#ID6" />
                </node>
                <node id="ID27" name="instance_12">
                    <matrix>0.3222927 -0.5289578 -0.7850675 3.414227 -0.8168168 0.2637843 -0.5130576 9.461365 0.4784743 0.8066111 -0.3470459 33.09525 0 0 0 1</matrix>
                    <instance_node url="#ID6" />
                </node>
                <node id="ID28" name="instance_13">
                    <matrix>0.0008290917 -0.9991709 -0.04070391 4.555646 -0.9991709 0.0008290917 -0.04070391 8.177296 0.04070391 0.04070391 -0.9983418 33.32503 0 0 0 1</matrix>
                    <instance_node url="#ID6" />
                </node>
                <node id="ID29" name="instance_14">
                    <matrix>0.5600684 -0.4399316 0.7019854 4.992986 -0.4399316 0.5600684 0.7019854 8.035396 -0.7019854 -0.7019854 0.1201368 33.36518 0 0 0 1</matrix>
                    <instance_node url="#ID6" />
                </node>
                <node id="ID30" name="instance_15">
                    <matrix>-0.6810027 -0.1165813 0.7229413 5.063375 0.1850227 -0.9826067 0.01583455 7.674399 0.708521 0.144544 0.6907279 32.95441 0 0 0 1</matrix>
                    <instance_node url="#ID6" />
                </node>
                <node id="ID31" name="instance_16">
                    <matrix>0.0008290917 -0.9991709 -0.04070391 4.553338 -0.9991709 0.0008290917 -0.04070391 7.784618 0.04070391 0.04070391 -0.9983418 33.27842 0 0 0 1</matrix>
                    <instance_node url="#ID6" />
                </node>
                <node id="ID32" name="instance_17">
                    <matrix>-0.6810027 -0.1165813 0.7229413 3.929965 0.1850227 -0.9826067 0.01583455 7.079995 0.708521 0.144544 0.6907279 32.96403 0 0 0 1</matrix>
                    <instance_node url="#ID6" />
                </node>
                <node id="ID33" name="instance_18">
                    <matrix>0.2650677 -0.6610261 0.7019854 6.111346 -0.1009577 0.7049993 0.7019854 7.260648 -0.95893 -0.2569445 0.1201368 32.60853 0 0 0 1</matrix>
                    <instance_node url="#ID6" />
                </node>
                <node id="ID34" name="instance_19">
                    <matrix>0.2650677 -0.6610261 0.7019854 6.626563 -0.1009577 0.7049993 0.7019854 6.41455 -0.95893 -0.2569445 0.1201368 32.16168 0 0 0 1</matrix>
                    <instance_node url="#ID6" />
                </node>
                <node id="ID35" name="instance_20">
                    <matrix>0.2650677 -0.6610261 0.7019854 7.068769 -0.1009577 0.7049993 0.7019854 6.063606 -0.95893 -0.2569445 0.1201368 31.5607 0 0 0 1</matrix>
                    <instance_node url="#ID6" />
                </node>
                <node id="ID36" name="instance_21">
                    <matrix>0.2650677 -0.6610261 0.7019854 8.286293 -0.1009577 0.7049993 0.7019854 5.289316 -0.95893 -0.2569445 0.1201368 29.96417 0 0 0 1</matrix>
                    <instance_node url="#ID6" />
                </node>
                <node id="ID37" name="instance_22">
                    <matrix>0.7690218 -0.08222881 -0.6339116 4.179863 -0.4557231 0.624878 -0.6339116 6.176933 0.4482432 0.77638 0.4430712 32.48658 0 0 0 1</matrix>
                    <instance_node url="#ID6" />
                </node>
                <node id="ID38" name="instance_23">
                    <matrix>0.7690218 -0.08222881 -0.6339116 4.653766 -0.4557231 0.624878 -0.6339116 5.598684 0.4482432 0.77638 0.4430712 32.07117 0 0 0 1</matrix>
                    <instance_node url="#ID6" />
                </node>
                <node id="ID39" name="instance_24">
                    <matrix>0.7641004 0.1196106 -0.6339116 5.192248 -0.6019251 0.4856359 -0.6339116 5.018397 0.2320277 0.8659394 0.4430712 31.35305 0 0 0 1</matrix>
                    <instance_node url="#ID6" />
                </node>
                <node id="ID40" name="instance_25">
                    <matrix>0.7690218 -0.08222881 -0.6339116 5.17452 -0.4557231 0.624878 -0.6339116 5.631568 0.4482432 0.77638 0.4430712 31.96711 0 0 0 1</matrix>
                    <instance_node url="#ID6" />
                </node>
                <node id="ID41" name="instance_26">
                    <matrix>0.7641004 0.1196106 -0.6339116 5.955434 -0.6019251 0.4856359 -0.6339116 4.405482 0.2320277 0.8659394 0.4430712 30.09198 0 0 0 1</matrix>
                    <instance_node url="#ID6" />
                </node>
                <node id="ID42" name="instance_27">
                    <matrix>0.03802587 0.8456851 0.5323259 5.965178 0.387263 -0.5035522 0.7723099 4.597465 0.9211848 0.1767824 -0.3466506 30.61621 0 0 0 1</matrix>
                    <instance_node url="#ID6" />
                </node>
                <node id="ID43" name="instance_28">
                    <matrix>0.7641004 0.1196106 -0.6339116 7.539977 -0.6019251 0.4856359 -0.6339116 3.37485 0.2320277 0.8659394 0.4430712 28.36553 0 0 0 1</matrix>
                    <instance_node url="#ID6" />
                </node>
                <node id="ID44" name="instance_29">
                    <matrix>0.6891292 0.3510797 -0.6339116 7.678765 -0.7230149 0.2746007 -0.6339116 2.907366 -0.04848095 0.8951746 0.4430712 27.47723 0 0 0 1</matrix>
                    <instance_node url="#ID6" />
                </node>
                <node id="ID45" name="instance_30">
                    <matrix>0.6891292 0.3510797 -0.6339116 8.274053 -0.7230149 0.2746007 -0.6339116 2.835146 -0.04848095 0.8951746 0.4430712 26.45063 0 0 0 1</matrix>
                    <instance_node url="#ID6" />
                </node>
                <node id="ID46" name="instance_31">
                    <matrix>0.6891292 0.3510797 -0.6339116 8.597224 -0.7230149 0.2746007 -0.6339116 2.51488 -0.04848095 0.8951746 0.4430712 25.54038 0 0 0 1</matrix>
                    <instance_node url="#ID6" />
                </node>
                <node id="ID47" name="instance_32">
                    <matrix>0.5027025 -0.4233914 0.7536776 7.531932 0.08607407 0.8920311 0.4437024 5.836621 -0.8601636 -0.1581782 0.4848692 30.75832 0 0 0 1</matrix>
                    <instance_node url="#ID6" />
                </node>
                <node id="ID48" name="instance_33">
                    <matrix>0.5027025 -0.4233914 0.7536776 6.801097 0.08607407 0.8920311 0.4437024 6.49112 -0.8601636 -0.1581782 0.4848692 31.74978 0 0 0 1</matrix>
                    <instance_node url="#ID6" />
                </node>
                <node id="ID49" name="instance_34">
                    <matrix>0.3675047 0.07666555 0.9268564 8.514994 0.1581151 0.9769375 -0.1435017 4.256953 -0.9164824 0.1992876 0.3469071 28.94113 0 0 0 1</matrix>
                    <instance_node url="#ID6" />
                </node>
                <node id="ID50" name="instance_35">
                    <matrix>0.3675047 0.07666555 0.9268564 9.089507 0.1581151 0.9769375 -0.1435017 4.244782 -0.9164824 0.1992876 0.3469071 27.84827 0 0 0 1</matrix>
                    <instance_node url="#ID6" />
                </node>
                <node id="ID51" name="instance_36">
                    <matrix>0.3675047 0.07666555 0.9268564 9.388287 0.1581151 0.9769375 -0.1435017 3.966933 -0.9164824 0.1992876 0.3469071 27.07164 0 0 0 1</matrix>
                    <instance_node url="#ID6" />
                </node>
                <node id="ID52" name="instance_37">
                    <matrix>0.3675047 0.07666555 0.9268564 9.646098 0.1581151 0.9769375 -0.1435017 3.234627 -0.9164824 0.1992876 0.3469071 26.12362 0 0 0 1</matrix>
                    <instance_node url="#ID6" />
                </node>
                <node id="ID53" name="instance_38">
                    <matrix>0.2650677 -0.6610261 0.7019854 10.12406 -0.1009577 0.7049993 0.7019854 3.641946 -0.95893 -0.2569445 0.1201368 26.08357 0 0 0 1</matrix>
                    <instance_node url="#ID6" />
                </node>
                <node id="ID54" name="instance_39">
                    <matrix>0.2650677 -0.6610261 0.7019854 10.31487 -0.1009577 0.7049993 0.7019854 3.313797 -0.95893 -0.2569445 0.1201368 25.45343 0 0 0 1</matrix>
                    <instance_node url="#ID6" />
                </node>
                <node id="ID55" name="instance_40">
                    <matrix>-0.1042139 -0.7045253 0.7019854 10.59304 0.268119 0.6597944 0.7019854 3.225483 -0.9577326 0.2613723 0.1201368 24.30383 0 0 0 1</matrix>
                    <instance_node url="#ID6" />
                </node>
                <node id="ID56" name="instance_41">
                    <matrix>-0.1042139 -0.7045253 0.7019854 9.566929 0.268119 0.6597944 0.7019854 2.322309 -0.9577326 0.2613723 0.1201368 25.07056 0 0 0 1</matrix>
                    <instance_node url="#ID6" />
                </node>
                <node id="ID57" name="instance_42">
                    <matrix>-0.1042139 -0.7045253 0.7019854 10.79932 0.268119 0.6597944 0.7019854 2.570577 -0.9577326 0.2613723 0.1201368 23.64993 0 0 0 1</matrix>
                    <instance_node url="#ID6" />
                </node>
                <node id="ID58" name="instance_43">
                    <matrix>-0.1042139 -0.7045253 0.7019854 10.00283 0.268119 0.6597944 0.7019854 1.345733 -0.9577326 0.2613723 0.1201368 21.90005 0 0 0 1</matrix>
                    <instance_node url="#ID6" />
                </node>
                <node id="ID59" name="instance_44">
                    <matrix>-0.1042139 -0.7045253 0.7019854 11.27554 0.268119 0.6597944 0.7019854 2.468158 -0.9577326 0.2613723 0.1201368 21.76896 0 0 0 1</matrix>
                    <instance_node url="#ID6" />
                </node>
                <node id="ID60" name="instance_45">
                    <matrix>-0.1042139 -0.7045253 0.7019854 9.762247 0.268119 0.6597944 0.7019854 1.497312 -0.9577326 0.2613723 0.1201368 22.71599 0 0 0 1</matrix>
                    <instance_node url="#ID6" />
                </node>
                <node id="ID61" name="instance_46">
                    <matrix>-0.1042139 -0.7045253 0.7019854 11.04444 0.268119 0.6597944 0.7019854 2.567279 -0.9577326 0.2613723 0.1201368 22.79929 0 0 0 1</matrix>
                    <instance_node url="#ID6" />
                </node>
                <node id="ID62" name="instance_47">
                    <matrix>-0.1042139 -0.7045253 0.7019854 9.613983 0.268119 0.6597944 0.7019854 1.786812 -0.9577326 0.2613723 0.1201368 24.05975 0 0 0 1</matrix>
                    <instance_node url="#ID6" />
                </node>
                <node id="ID63" name="instance_48">
                    <matrix>-0.1042139 -0.7045253 0.7019854 10.35644 0.268119 0.6597944 0.7019854 1.10719 -0.9577326 0.2613723 0.1201368 20.63323 0 0 0 1</matrix>
                    <instance_node url="#ID6" />
                </node>
                <node id="ID64" name="instance_49">
                    <matrix>-0.1042139 -0.7045253 0.7019854 10.56587 0.268119 0.6597944 0.7019854 0.9187688 -0.9577326 0.2613723 0.1201368 19.68077 0 0 0 1</matrix>
                    <instance_node url="#ID6" />
                </node>
                <node id="ID65" name="instance_50">
                    <matrix>-0.1042139 -0.7045253 0.7019854 11.61178 0.268119 0.6597944 0.7019854 1.217746 -0.9577326 0.2613723 0.1201368 20.24169 0 0 0 1</matrix>
                    <instance_node url="#ID6" />
                </node>
                <node id="ID66" name="instance_51">
                    <matrix>-0.1042139 -0.7045253 0.7019854 11.03519 0.268119 0.6597944 0.7019854 1.864877 -0.9577326 0.2613723 0.1201368 22.36377 0 0 0 1</matrix>
                    <instance_node url="#ID6" />
                </node>
                <node id="ID67" name="instance_52">
                    <matrix>-0.1042139 -0.7045253 0.7019854 11.47967 0.268119 0.6597944 0.7019854 2.065088 -0.9577326 0.2613723 0.1201368 20.86056 0 0 0 1</matrix>
                    <instance_node url="#ID6" />
                </node>
                <node id="ID68" name="instance_53">
                    <matrix>0.816493 0.2136044 0.5363882 9.909273 0.2847963 0.6591407 -0.6960062 1.774145 -0.5022253 0.7210456 0.47735 23.12002 0 0 0 1</matrix>
                    <instance_node url="#ID6" />
                </node>
                <node id="ID69" name="instance_54">
                    <matrix>0.816493 0.2136044 0.5363882 9.752616 0.2847963 0.6591407 -0.6960062 1.234993 -0.5022253 0.7210456 0.47735 21.17586 0 0 0 1</matrix>
                    <instance_node url="#ID6" />
                </node>
                <node id="ID70" name="instance_55">
                    <matrix>0.816493 0.2136044 0.5363882 10.78513 0.2847963 0.6591407 -0.6960062 1.207226 -0.5022253 0.7210456 0.47735 20.57763 0 0 0 1</matrix>
                    <instance_node url="#ID6" />
                </node>
                <node id="ID71" name="instance_56">
                    <matrix>0.816493 0.2136044 0.5363882 6.912768 0.2847963 0.6591407 -0.6960062 3.560759 -0.5022253 0.7210456 0.47735 29.24232 0 0 0 1</matrix>
                    <instance_node url="#ID6" />
                </node>
                <node id="ID72" name="instance_57">
                    <matrix>0.816493 0.2136044 0.5363882 8.42024 0.2847963 0.6591407 -0.6960062 3.209467 -0.5022253 0.7210456 0.47735 27.08155 0 0 0 1</matrix>
                    <instance_node url="#ID6" />
                </node>
                <node id="ID73" name="instance_58">
                    <matrix>0.816493 0.2136044 0.5363882 10.68066 0.2847963 0.6591407 -0.6960062 1.406778 -0.5022253 0.7210456 0.47735 21.20594 0 0 0 1</matrix>
                    <instance_node url="#ID6" />
                </node>
                <node id="ID74" name="instance_59">
                    <matrix>0.816493 0.2136044 0.5363882 11.04597 0.2847963 0.6591407 -0.6960062 1.027912 -0.5022253 0.7210456 0.47735 18.95656 0 0 0 1</matrix>
                    <instance_node url="#ID6" />
                </node>
                <node id="ID75" name="instance_60">
                    <matrix>0.816493 0.2136044 0.5363882 10.77455 0.2847963 0.6591407 -0.6960062 0.7854425 -0.5022253 0.7210456 0.47735 18.08806 0 0 0 1</matrix>
                    <instance_node url="#ID6" />
                </node>
                <node id="ID76" name="instance_61">
                    <matrix>0.816493 0.2136044 0.5363882 10.45767 0.2847963 0.6591407 -0.6960062 0.933683 -0.5022253 0.7210456 0.47735 16.93315 0 0 0 1</matrix>
                    <instance_node url="#ID6" />
                </node>
                <node id="ID77" name="instance_62">
                    <matrix>0.816493 0.2136044 0.5363882 11.76994 0.2847963 0.6591407 -0.6960062 1.409698 -0.5022253 0.7210456 0.47735 17.02084 0 0 0 1</matrix>
                    <instance_node url="#ID6" />
                </node>
                <node id="ID78" name="instance_63">
                    <matrix>0.816493 0.2136044 0.5363882 12.07772 0.2847963 0.6591407 -0.6960062 0.889041 -0.5022253 0.7210456 0.47735 15.05862 0 0 0 1</matrix>
                    <instance_node url="#ID6" />
                </node>
                <node id="ID79" name="instance_64">
                    <matrix>0.6279578 0.4021396 0.6662978 10.67774 0.5103247 0.4336122 -0.7426635 0.5970074 -0.5875693 0.8063896 0.06706836 16.20261 0 0 0 1</matrix>
                    <instance_node url="#ID6" />
                </node>
                <node id="ID80" name="instance_65">
                    <matrix>0.6279578 0.4021396 0.6662978 10.77317 0.5103247 0.4336122 -0.7426635 0.3466089 -0.5875693 0.8063896 0.06706836 15.51663 0 0 0 1</matrix>
                    <instance_node url="#ID6" />
                </node>
                <node id="ID81" name="instance_66">
                    <matrix>-0.6810027 -0.1165813 0.7229413 7.18853 0.1850227 -0.9826067 0.01583455 4.891831 0.708521 0.144544 0.6907279 30.84286 0 0 0 1</matrix>
                    <instance_node url="#ID6" />
                </node>
                <node id="ID82" name="instance_67">
                    <matrix>-0.6810027 -0.1165813 0.7229413 8.044066 0.1850227 -0.9826067 0.01583455 4.88126 0.708521 0.144544 0.6907279 29.85408 0 0 0 1</matrix>
                    <instance_node url="#ID6" />
                </node>
                <node id="ID83" name="instance_68">
                    <matrix>1 0 0 13.42069 0 1 0 -2.830737 0 0 1 0.2555524 0 0 0 1</matrix>
                    <instance_node url="#ID84" />
                </node>
                <node id="ID95" name="instance_69">
                    <matrix>0.8660254 -0.5 0 14.78156 0.5 0.8660254 0 -2.149617 -0 0 1 0.2555524 0 0 0 1</matrix>
                    <instance_node url="#ID84" />
                </node>
                <node id="ID96" name="instance_70">
                    <matrix>0.5 -0.8660254 0 15.61955 0.8660254 0.5 0 -0.8793151 -0 0 1 0.2555524 0 0 0 1</matrix>
                    <instance_node url="#ID84" />
                </node>
                <node id="ID97" name="instance_71">
                    <matrix>2.157718e-013 -1 0 15.71012 1 2.157718e-013 0 0.6397931 -0 0 1 0.2555524 0 0 0 1</matrix>
                    <instance_node url="#ID84" />
                </node>
                <node id="ID98" name="instance_72">
                    <matrix>-0.5 -0.8660254 0 15.029 0.8660254 -0.5 0 2.000664 0 0 1 0.2555524 0 0 0 1</matrix>
                    <instance_node url="#ID84" />
                </node>
                <node id="ID99" name="instance_73">
                    <matrix>-0.8660254 -0.5 0 13.7587 0.5 -0.8660254 0 2.838652 0 0 1 0.2555524 0 0 0 1</matrix>
                    <instance_node url="#ID84" />
                </node>
                <node id="ID100" name="instance_74">
                    <matrix>-1 -2.157718e-013 0 12.23959 2.157718e-013 -1 0 2.929221 0 0 1 0.2555524 0 0 0 1</matrix>
                    <instance_node url="#ID84" />
                </node>
                <node id="ID101" name="instance_75">
                    <matrix>-0.8660254 0.5 0 10.87872 -0.5 -0.8660254 0 2.248101 0 0 1 0.2555524 0 0 0 1</matrix>
                    <instance_node url="#ID84" />
                </node>
                <node id="ID102" name="instance_76">
                    <matrix>-0.5 0.8660254 0 10.04073 -0.8660254 -0.5 0 0.9777991 0 0 1 0.2555524 0 0 0 1</matrix>
                    <instance_node url="#ID84" />
                </node>
                <node id="ID103" name="instance_77">
                    <matrix>-2.153833e-013 1 0 9.950162 -1 -2.153833e-013 0 -0.5413092 0 0 1 0.2555524 0 0 0 1</matrix>
                    <instance_node url="#ID84" />
                </node>
                <node id="ID104" name="instance_78">
                    <matrix>0.5 0.8660254 -4.913097e-015 10.63128 -0.8660254 0.5 8.815506e-016 -1.90218 3.219994e-015 3.814092e-015 1 0.2555524 0 0 0 1</matrix>
                    <instance_node url="#ID84" />
                </node>
                <node id="ID105" name="instance_79">
                    <matrix>0.8660254 0.5 -9.608739e-015 11.90158 -0.5 0.8660254 -8.115527e-016 -2.740168 7.915636e-015 5.507195e-015 1 0.2555524 0 0 0 1</matrix>
                    <instance_node url="#ID84" />
                </node>
                <node id="ID106" name="instance_80">
                    <matrix>0.6279578 0.4021396 0.6662978 12.08567 0.5103247 0.4336122 -0.7426635 0.3112214 -0.5875693 0.8063896 0.06706836 13.85301 0 0 0 1</matrix>
                    <instance_node url="#ID6" />
                </node>
                <node id="ID107" name="instance_81">
                    <matrix>0.6279578 0.4021396 0.6662978 12.2471 0.5103247 0.4336122 -0.7426635 1.034278 -0.5875693 0.8063896 0.06706836 12.9286 0 0 0 1</matrix>
                    <instance_node url="#ID6" />
                </node>
                <node id="ID108" name="instance_82">
                    <matrix>0.6279578 0.4021396 0.6662978 12.51913 0.5103247 0.4336122 -0.7426635 0.1060596 -0.5875693 0.8063896 0.06706836 11.50386 0 0 0 1</matrix>
                    <instance_node url="#ID6" />
                </node>
                <node id="ID109" name="instance_83">
                    <matrix>0.6279578 0.4021396 0.6662978 12.1621 0.5103247 0.4336122 -0.7426635 0.04166424 -0.5875693 0.8063896 0.06706836 10.48492 0 0 0 1</matrix>
                    <instance_node url="#ID6" />
                </node>
                <node id="ID110" name="instance_84">
                    <matrix>0.6279578 0.4021396 0.6662978 11.01788 0.5103247 0.4336122 -0.7426635 0.3684315 -0.5875693 0.8063896 0.06706836 14.14509 0 0 0 1</matrix>
                    <instance_node url="#ID6" />
                </node>
                <node id="ID111" name="instance_85">
                    <matrix>0.6279578 0.4021396 0.6662978 11.09854 0.5103247 0.4336122 -0.7426635 0.2430584 -0.5875693 0.8063896 0.06706836 12.59466 0 0 0 1</matrix>
                    <instance_node url="#ID6" />
                </node>
                <node id="ID112" name="instance_86">
                    <matrix>0.6279578 0.4021396 0.6662978 11.54686 0.5103247 0.4336122 -0.7426635 0.120181 -0.5875693 0.8063896 0.06706836 11.34587 0 0 0 1</matrix>
                    <instance_node url="#ID6" />
                </node>
                <node id="ID113" name="instance_87">
                    <matrix>0.6279578 0.4021396 0.6662978 11.47768 0.5103247 0.4336122 -0.7426635 0.09057562 -0.5875693 0.8063896 0.06706836 9.918469 0 0 0 1</matrix>
                    <instance_node url="#ID6" />
                </node>
                <node id="ID114" name="instance_88">
                    <matrix>0.6279578 0.4021396 0.6662978 12.66776 0.5103247 0.4336122 -0.7426635 -0.02223115 -0.5875693 0.8063896 0.06706836 9.78612 0 0 0 1</matrix>
                    <instance_node url="#ID6" />
                </node>
                <node id="ID115" name="instance_89">
                    <matrix>0.6279578 0.4021396 0.6662978 12.70796 0.5103247 0.4336122 -0.7426635 0.2576415 -0.5875693 0.8063896 0.06706836 8.541645 0 0 0 1</matrix>
                    <instance_node url="#ID6" />
                </node>
                <node id="ID116" name="instance_90">
                    <matrix>0.6279578 0.4021396 0.6662978 12.81153 0.5103247 0.4336122 -0.7426635 -0.1463306 -0.5875693 0.8063896 0.06706836 8.124499 0 0 0 1</matrix>
                    <instance_node url="#ID6" />
                </node>
                <node id="ID117" name="instance_91">
                    <matrix>0.6279578 0.4021396 0.6662978 12.86264 0.5103247 0.4336122 -0.7426635 -0.1904454 -0.5875693 0.8063896 0.06706836 7.533827 0 0 0 1</matrix>
                    <instance_node url="#ID6" />
                </node>
                <node id="ID118" name="instance_92">
                    <matrix>0.6279578 0.4021396 0.6662978 12.08571 0.5103247 0.4336122 -0.7426635 -0.06946668 -0.5875693 0.8063896 0.06706836 8.445247 0 0 0 1</matrix>
                    <instance_node url="#ID6" />
                </node>
                <node id="ID119" name="instance_93">
                    <matrix>0.6279578 0.4021396 0.6662978 11.98156 0.5103247 0.4336122 -0.7426635 -0.09112147 -0.5875693 0.8063896 0.06706836 7.060717 0 0 0 1</matrix>
                    <instance_node url="#ID6" />
                </node>
                <node id="ID120" name="instance_94">
                    <matrix>0.6279578 0.4021396 0.6662978 12.34636 0.5103247 0.4336122 -0.7426635 -0.2503103 -0.5875693 0.8063896 0.06706836 5.978951 0 0 0 1</matrix>
                    <instance_node url="#ID6" />
                </node>
                <node id="ID121" name="instance_95">
                    <matrix>-0.1042139 -0.7045253 0.7019854 11.88679 0.268119 0.6597944 0.7019854 2.003983 -0.9577326 0.2613723 0.1201368 18.80501 0 0 0 1</matrix>
                    <instance_node url="#ID6" />
                </node>
                <node id="ID122" name="instance_96">
                    <matrix>-0.1042139 -0.7045253 0.7019854 12.25414 0.268119 0.6597944 0.7019854 1.572114 -0.9577326 0.2613723 0.1201368 15.8659 0 0 0 1</matrix>
                    <instance_node url="#ID6" />
                </node>
                <node id="ID123" name="instance_97">
                    <matrix>-0.1042139 -0.7045253 0.7019854 12.66025 0.268119 0.6597944 0.7019854 1.21556 -0.9577326 0.2613723 0.1201368 12.15772 0 0 0 1</matrix>
                    <instance_node url="#ID6" />
                </node>
                <node id="ID124" name="instance_98">
                    <matrix>-0.1042139 -0.7045253 0.7019854 12.81945 0.268119 0.6597944 0.7019854 0.8859969 -0.9577326 0.2613723 0.1201368 10.7942 0 0 0 1</matrix>
                    <instance_node url="#ID6" />
                </node>
                <node id="ID125" name="instance_99">
                    <matrix>-0.1042139 -0.7045253 0.7019854 12.86101 0.268119 0.6597944 0.7019854 0.972591 -0.9577326 0.2613723 0.1201368 8.425735 0 0 0 1</matrix>
                    <instance_node url="#ID6" />
                </node>
                <node id="ID126" name="instance_100">
                    <matrix>-0.1042139 -0.7045253 0.7019854 12.9473 0.268119 0.6597944 0.7019854 0.2734273 -0.9577326 0.2613723 0.1201368 10.56179 0 0 0 1</matrix>
                    <instance_node url="#ID6" />
                </node>
                <node id="ID127" name="instance_101">
                    <matrix>-0.1042139 -0.7045253 0.7019854 12.33442 0.268119 0.6597944 0.7019854 -0.01374315 -0.9577326 0.2613723 0.1201368 9.570438 0 0 0 1</matrix>
                    <instance_node url="#ID6" />
                </node>
                <node id="ID128" name="instance_102">
                    <matrix>-0.1042139 -0.7045253 0.7019854 11.86822 0.268119 0.6597944 0.7019854 0.05171968 -0.9577326 0.2613723 0.1201368 8.790278 0 0 0 1</matrix>
                    <instance_node url="#ID6" />
                </node>
                <node id="ID129" name="instance_103">
                    <matrix>-0.1042139 -0.7045253 0.7019854 12.06339 0.268119 0.6597944 0.7019854 0.06193939 -0.9577326 0.2613723 0.1201368 13.02937 0 0 0 1</matrix>
                    <instance_node url="#ID6" />
                </node>
                <node id="ID130" name="instance_104">
                    <matrix>-0.1042139 -0.7045253 0.7019854 11.33034 0.268119 0.6597944 0.7019854 0.6747705 -0.9577326 0.2613723 0.1201368 17.39286 0 0 0 1</matrix>
                    <instance_node url="#ID6" />
                </node>
                <node id="ID131" name="instance_105">
                    <matrix>-0.1042139 -0.7045253 0.7019854 11.76082 0.268119 0.6597944 0.7019854 0.4477077 -0.9577326 0.2613723 0.1201368 15.04928 0 0 0 1</matrix>
                    <instance_node url="#ID6" />
                </node>
                <node id="ID132" name="instance_106">
                    <matrix>-0.1042139 -0.7045253 0.7019854 12.94379 0.268119 0.6597944 0.7019854 -0.2077368 -0.9577326 0.2613723 0.1201368 6.973159 0 0 0 1</matrix>
                    <instance_node url="#ID6" />
                </node>
                <node id="ID133" name="instance_107">
                    <matrix>-0.1042139 -0.7045253 0.7019854 13.26371 0.268119 0.6597944 0.7019854 -0.2885628 -0.9577326 0.2613723 0.1201368 6.310873 0 0 0 1</matrix>
                    <instance_node url="#ID6" />
                </node>
                <node id="ID134" name="instance_108">
                    <matrix>-0.1042139 -0.7045253 0.7019854 13.124 0.268119 0.6597944 0.7019854 0.5241829 -0.9577326 0.2613723 0.1201368 3.99532 0 0 0 1</matrix>
                    <instance_node url="#ID6" />
                </node>
                <node id="ID135" name="instance_109">
                    <matrix>-0.1042139 -0.7045253 0.7019854 13.25165 0.268119 0.6597944 0.7019854 0.2276218 -0.9577326 0.2613723 0.1201368 0.9050167 0 0 0 1</matrix>
                    <instance_node url="#ID6" />
                </node>
                <node id="ID136" name="instance_110">
                    <matrix>-0.306859 -0.8957842 0.3215714 13.68308 0.2233987 0.2606416 0.9392332 -0.4865078 -0.9251652 0.3600508 0.1201368 0.6068247 0 0 0 1</matrix>
                    <instance_node url="#ID137" />
                </node>
                <node id="ID144" name="instance_111">
                    <matrix>-0.1042139 -0.7045253 0.7019854 12.97486 0.268119 0.6597944 0.7019854 0.7777605 -0.9577326 0.2613723 0.1201368 6.97443 0 0 0 1</matrix>
                    <instance_node url="#ID6" />
                </node>
                <node id="ID145" name="instance_112">
                    <matrix>-0.1042139 -0.7045253 0.7019854 13.16406 0.268119 0.6597944 0.7019854 0.318433 -0.9577326 0.2613723 0.1201368 6.142727 0 0 0 1</matrix>
                    <instance_node url="#ID6" />
                </node>
                <node id="ID146" name="instance_113">
                    <matrix>0.6279578 0.4021396 0.6662978 12.29823 0.5103247 0.4336122 -0.7426635 -0.2084197 -0.5875693 0.8063896 0.06706836 5.057473 0 0 0 1</matrix>
                    <instance_node url="#ID6" />
                </node>
                <node id="ID147" name="instance_114">
                    <matrix>0.6279578 0.4021396 0.6662978 12.53176 0.5103247 0.4336122 -0.7426635 0.7759508 -0.5875693 0.8063896 0.06706836 8.935276 0 0 0 1</matrix>
                    <instance_node url="#ID6" />
                </node>
                <node id="ID148" name="instance_115">
                    <matrix>0.6279578 0.4021396 0.6662978 12.5177 0.5103247 0.4336122 -0.7426635 0.317871 -0.5875693 0.8063896 0.06706836 5.623378 0 0 0 1</matrix>
                    <instance_node url="#ID6" />
                </node>
                <node id="ID149" name="instance_116">
                    <matrix>0.4891245 0.4021396 0.7739773 12.06345 0.6427863 0.4336122 -0.631511 0.3468305 -0.5895616 0.8063896 -0.0463995 3.636877 0 0 0 1</matrix>
                    <instance_node url="#ID6" />
                </node>
                <node id="ID150" name="instance_117">
                    <matrix>0.6279578 0.4021396 0.6662978 12.22598 0.5103247 0.4336122 -0.7426635 -0.1966307 -0.5875693 0.8063896 0.06706836 0.5392379 0 0 0 1</matrix>
                    <instance_node url="#ID6" />
                </node>
                <node id="ID151" name="instance_118">
                    <matrix>0.6279578 0.4021396 0.6662978 11.78585 0.5103247 0.4336122 -0.7426635 -0.07065221 -0.5875693 0.8063896 0.06706836 6.499354 0 0 0 1</matrix>
                    <instance_node url="#ID6" />
                </node>
                <node id="ID152" name="instance_119">
                    <matrix>0.6279578 0.4021396 0.6662978 11.73831 0.5103247 0.4336122 -0.7426635 -0.06467866 -0.5875693 0.8063896 0.06706836 4.365619 0 0 0 1</matrix>
                    <instance_node url="#ID6" />
                </node>
                <node id="ID153" name="instance_120">
                    <matrix>0.6279578 0.4021396 0.6662978 11.81974 0.5103247 0.4336122 -0.7426635 -0.07627385 -0.5875693 0.8063896 0.06706836 1.735776 0 0 0 1</matrix>
                    <instance_node url="#ID6" />
                </node>
                <node id="ID154" name="instance_121">
                    <matrix>-0.306859 -0.8957842 0.3215714 13.83971 0.2233987 0.2606416 0.9392332 -1.131945 -0.9251652 0.3600508 0.1201368 0.7430163 0 0 0 1</matrix>
                    <instance_node url="#ID137" />
                </node>
                <node id="ID155" name="instance_122">
                    <matrix>-0.306859 -0.8957842 0.3215714 13.60089 0.2233987 0.2606416 0.9392332 -1.53489 -0.9251652 0.3600508 0.1201368 1.069833 0 0 0 1</matrix>
                    <instance_node url="#ID137" />
                </node>
                <node id="ID156" name="instance_123">
                    <matrix>-0.306859 -0.8957842 0.3215714 13.41846 0.2233987 0.2606416 0.9392332 -1.117013 -0.9251652 0.3600508 0.1201368 0.9308016 0 0 0 1</matrix>
                    <instance_node url="#ID137" />
                </node>
                <node id="ID157" name="instance_124">
                    <matrix>-0.306859 -0.8957842 0.3215714 13.30768 0.2233987 0.2606416 0.9392332 -2.013296 -0.9251652 0.3600508 0.1201368 2.194594 0 0 0 1</matrix>
                    <instance_node url="#ID137" />
                </node>
                <node id="ID158" name="instance_125">
                    <matrix>-0.1969379 -0.1847702 -0.9628476 12.73385 -0.3244763 -0.9144525 0.2418506 -0.978266 -0.9251652 0.3600508 0.1201368 0.8276541 0 0 0 1</matrix>
                    <instance_node url="#ID137" />
                </node>
                <node id="ID159" name="instance_126">
                    <matrix>-0.1969379 -0.1847702 -0.9628476 13.72313 -0.3244763 -0.9144525 0.2418506 -0.8563242 -0.9251652 0.3600508 0.1201368 1.080649 0 0 0 1</matrix>
                    <instance_node url="#ID137" />
                </node>
                <node id="ID160" name="instance_127">
                    <matrix>-0.1969379 -0.1847702 -0.9628476 13.10855 -0.3244763 -0.9144525 0.2418506 -1.538283 -0.9251652 0.3600508 0.1201368 1.407192 0 0 0 1</matrix>
                    <instance_node url="#ID137" />
                </node>
                <node id="ID161" name="instance_128">
                    <matrix>-0.1969379 -0.1847702 -0.9628476 13.8193 -0.3244763 -0.9144525 0.2418506 -1.526442 -0.9251652 0.3600508 0.1201368 1.352175 0 0 0 1</matrix>
                    <instance_node url="#ID137" />
                </node>
                <node id="ID162" name="instance_129">
                    <matrix>-0.1969379 -0.1847702 -0.9628476 13.43642 -0.3244763 -0.9144525 0.2418506 -1.437098 -0.9251652 0.3600508 0.1201368 1.849862 0 0 0 1</matrix>
                    <instance_node url="#ID137" />
                </node>
                <node id="ID163" name="instance_130">
                    <matrix>-0.1969379 -0.1847702 -0.9628476 13.5507 -0.3244763 -0.9144525 0.2418506 -2.299153 -0.9251652 0.3600508 0.1201368 1.086229 0 0 0 1</matrix>
                    <instance_node url="#ID137" />
                </node>
                <node id="ID164" name="instance_131">
