<?xml version="1.0" encoding="UTF-8" standalone="no" ?>
<COLLADA xmlns="http://www.collada.org/2005/11/COLLADASchema" version="1.4.1">
    <asset>
        <contributor>
            <authoring_tool>SketchUp 15.3.331</authoring_tool>
        </contributor>
        <created>2015-10-12T02:31:36Z</created>
        <modified>2015-10-12T02:31:36Z</modified>
        <unit meter="0.0254" name="inch" />
        <up_axis>Z_UP</up_axis>
    </asset>
    <library_visual_scenes>
        <visual_scene id="ID1">
            <node name="SketchUp">
                <node id="skp_camera" name="Last Saved SketchUp View">
                    <lookat>90.89148 -10.26108 68.96359 -508.1715 477.4359 -511.2582 -0.4657466 0.3791642 0.7995715</lookat>
                </node>
                <node id="ID2" name="group_0">
                    <matrix>1 0 0 0 0 1 0 0 0 0 1 0 0 0 0 1</matrix>
                    <node id="ID3" name="group_1">
                        <matrix>1 0 0 15.69177 0 1 0 13.80372 0 0 1 0.8936489 0 0 0 1</matrix>
                        <instance_geometry url="#ID44">
                            <bind_material>
                                <technique_common>
                                    <instance_material symbol="Material2" target="#ID19">
                                        <bind_vertex_input semantic="UVSET0" input_semantic="TEXCOORD" input_set="0" />
                                    </instance_material>
                                </technique_common>
                            </bind_material>
                        </instance_geometry>
                        <node id="ID4" name="group_2">
                            <matrix>1 0 0 0 0 1 0 0 0 0 1 27.90208 0 0 0 1</matrix>
                            <node id="ID5" name="instance_0">
                                <matrix>0.1959461 -0.9806147 -2.677043e-030 26.74991 -0.9806147 -0.1959461 -5.659639e-013 34.34911 5.549925e-013 1.108985e-013 -1 1.170998 0 0 0 1</matrix>
                                <instance_node url="#ID6" />
                            </node>
                            <node id="ID24" name="instance_1">
                                <matrix>1 0 0 3.942352 0 1 0 6.533278 0 0 1 1.303202e-011 0 0 0 1</matrix>
                                <instance_node url="#ID6" />
                            </node>
                        </node>
                        <node id="ID25" name="group_3">
                            <matrix>0.784434 -5.679799e-029 0 3.702789 -1.13596e-028 0.7728187 0 4.316953 0 0 0.813151 18.80498 0 0 0 1</matrix>
                            <node id="ID26" name="instance_2">
                                <matrix>0.1959461 -0.9806147 -2.677043e-030 26.74991 -0.9806147 -0.1959461 -5.659639e-013 34.34911 5.549925e-013 1.108985e-013 -1 1.170998 0 0 0 1</matrix>
                                <instance_node url="#ID6" />
                            </node>
                            <node id="ID27" name="instance_3">
                                <matrix>1 0 0 3.942352 0 1 0 6.533278 0 0 1 1.303202e-011 0 0 0 1</matrix>
                                <instance_node url="#ID6" />
                            </node>
                        </node>
                        <node id="ID28" name="group_4">
                            <matrix>0.797132 -4.417621e-029 0 3.588083 -9.466331e-029 0.7200941 0 5.042948 0 0 0.83 12.34662 0 0 0 1</matrix>
                            <node id="ID29" name="instance_4">
                                <matrix>0.1959461 -0.9806147 -2.677043e-030 26.74991 -0.9806147 -0.1959461 -5.659639e-013 34.34911 5.549925e-013 1.108985e-013 -1 1.170998 0 0 0 1</matrix>
                                <instance_node url="#ID6" />
                            </node>
                            <node id="ID30" name="instance_5">
                                <matrix>1 0 0 3.942352 0 1 0 6.533278 0 0 1 1.303202e-011 0 0 0 1</matrix>
                                <instance_node url="#ID6" />
                            </node>
                        </node>
                        <node id="ID31" name="instance_6">
                            <matrix>0.7710363 -0.756995 0 26.30857 0.8932542 0.6534206 0 27.45548 0 0 1 0 0 0 0 1</matrix>
                            <instance_node url="#ID32" />
                        </node>
                        <node id="ID41" name="instance_7">
                            <matrix>-0.7533597 0.760406 0 9.49692 -0.8820709 -0.6494481 0 9.241814 0 0 1 0.05076004 0 0 0 1</matrix>
                            <instance_node url="#ID32" />
                        </node>
                        <node id="ID42" name="instance_8">
                            <matrix>0.7991913 0.7071068 0 27.89418 -0.7991912 0.7071068 0 9.981444 0 0 1 0.05076004 0 0 0 1</matrix>
                            <instance_node url="#ID32" />
                        </node>
                        <node id="ID43" name="instance_9">
                            <matrix>-0.8794148 -0.6279631 0 8.46605 0.7095983 -0.7782432 0 26.4487 0 0 1 0 0 0 0 1</matrix>
                            <instance_node url="#ID32" />
                        </node>
                    </node>
                    <node id="ID48" name="group_5">
                        <matrix>-5.760829e-009 -0.74 0 41.77556 0.66 -6.45911e-009 0 43.78483 0 0 0.476 0.7243946 0 0 0 1</matrix>
                        <node id="ID49" name="instance_10">
                            <matrix>0.9980267 4.953299e-032 0.06279052 0.9753949 0 1 -7.888609e-031 0.01388786 -0.06279052 7.873043e-031 0.9980267 0.09888271 0 0 0 1</matrix>
                            <instance_node url="#ID50" />
                        </node>
                        <node id="ID63" name="instance_11">
                            <matrix>0.1409012 -1.262177e-029 -0.1473815 26.67409 -1.262177e-029 1 -2.366583e-030 0.02550107 0.9900237 -6.310887e-030 0.02097549 46.13794 0 0 0 1</matrix>
                            <instance_node url="#ID50" />
                        </node>
                        <node id="ID64" name="instance_12">
                            <matrix>0.9957247 1.256781e-029 -0.09237059 29.29946 -1.262177e-029 1 0 0.01388786 0.09237059 1.165881e-030 0.9957247 0.545165 0 0 0 1</matrix>
                            <instance_node url="#ID50" />
                        </node>
                        <node id="ID65" name="instance_13">
                            <matrix>0.9952274 1.248456e-029 -0.0975829 29.46931 -1.262177e-029 1 -7.888609e-031 21.27373 0.0975829 2.016765e-030 0.9952274 0.7434336 0 0 0 1</matrix>
                            <instance_node url="#ID50" />
                        </node>
                        <node id="ID66" name="instance_14">
                            <matrix>1.155187e-013 1.893266e-029 -1 27.29607 -2.872717e-029 1 1.893266e-029 0.1492218 1 2.872717e-029 1.155187e-013 42.67319 0 0 0 1</matrix>
                            <instance_node url="#ID67" />
                        </node>
                        <node id="ID83" name="instance_15">
                            <matrix>1 0 0 26.2384 0 1 0 0.01388786 0 0 1 33.61807 0 0 0 1</matrix>
                            <instance_node url="#ID50" />
                        </node>
                        <node id="ID84" name="instance_16">
                            <matrix>0.9978015 -0.0662739 3.786532e-029 3.017812 5.223176e-015 7.863869e-014 -1 22.84853 0.0662739 0.9978015 7.881196e-014 33.37923 0 0 0 1</matrix>
                            <instance_node url="#ID85" />
                        </node>
                        <node id="ID94" name="instance_17">
                            <matrix>1 0 0 26.2384 0 1 0 21.27373 0 0 1 33.61807 0 0 0 1</matrix>
                            <instance_node url="#ID50" />
                        </node>
                        <node id="ID95" name="instance_18">
                            <matrix>1 0 0 3.691968 0 1 0 0 0 0 1 32.85495 0 0 0 1</matrix>
                            <instance_node url="#ID96" />
                        </node>
                        <node id="ID105" name="instance_19">
                            <matrix>0.1409012 -1.262177e-029 -0.1473815 26.97257 -1.262177e-029 1 -2.366583e-030 21.27411 0.9900237 -6.310887e-030 0.02097549 46.22612 0 0 0 1</matrix>
                            <instance_node url="#ID50" />
                        </node>
                        <node id="ID106" name="instance_20">
                            <matrix>0.9958844 -0.09063258 0 3.076964 7.142931e-015 7.84876e-014 -1 1.588691 0.09063258 0.9958844 7.881196e-014 32.83749 0 0 0 1</matrix>
                            <instance_node url="#ID85" />
                        </node>
                        <node id="ID107" name="instance_21">
                            <matrix>0.9958844 -9.427371e-029 0.09063258 -2.842171e-014 9.466331e-029 1 0 21.27373 -0.09063258 8.57958e-030 0.9958844 0.7108477 0 0 0 1</matrix>
                            <instance_node url="#ID50" />
                        </node>
                    </node>
                    <node id="ID108" name="group_6">
                        <matrix>0.66 -2.95445e-009 0 45.45085 2.63505e-009 0.74 0 24.88639 0 0 0.476 6.938894e-018 0 0 0 1</matrix>
                        <node id="ID109" name="instance_10">
                            <matrix>0.9980267 4.953299e-032 0.06279052 0.9753949 0 1 -7.888609e-031 0.01388786 -0.06279052 7.873043e-031 0.9980267 0.09888271 0 0 0 1</matrix>
                            <instance_node url="#ID50" />
                        </node>
                        <node id="ID110" name="instance_11">
                            <matrix>0.1409012 -1.262177e-029 -0.1473815 26.67409 -1.262177e-029 1 -2.366583e-030 0.02550107 0.9900237 -6.310887e-030 0.02097549 46.13794 0 0 0 1</matrix>
                            <instance_node url="#ID50" />
                        </node>
                        <node id="ID111" name="instance_12">
                            <matrix>0.9957247 1.256781e-029 -0.09237059 29.29946 -1.262177e-029 1 0 0.01388786 0.09237059 1.165881e-030 0.9957247 0.545165 0 0 0 1</matrix>
                            <instance_node url="#ID50" />
                        </node>
                        <node id="ID112" name="instance_13">
                            <matrix>0.9952274 1.248456e-029 -0.0975829 29.46931 -1.262177e-029 1 -7.888609e-031 21.27373 0.0975829 2.016765e-030 0.9952274 0.7434336 0 0 0 1</matrix>
                            <instance_node url="#ID50" />
                        </node>
                        <node id="ID113" name="instance_14">
                            <matrix>1.155187e-013 1.893266e-029 -1 27.29607 -2.872717e-029 1 1.893266e-029 0.1492218 1 2.872717e-029 1.155187e-013 42.67319 0 0 0 1</matrix>
                            <instance_node url="#ID67" />
                        </node>
                        <node id="ID114" name="instance_15">
                            <matrix>1 0 0 26.2384 0 1 0 0.01388786 0 0 1 33.61807 0 0 0 1</matrix>
                            <instance_node url="#ID50" />
                        </node>
                        <node id="ID115" name="instance_16">
                            <matrix>0.9978015 -0.0662739 3.786532e-029 3.017812 5.223176e-015 7.863869e-014 -1 22.84853 0.0662739 0.9978015 7.881196e-014 33.37923 0 0 0 1</matrix>
                            <instance_node url="#ID85" />
                        </node>
                        <node id="ID116" name="instance_17">
                            <matrix>1 0 0 26.2384 0 1 0 21.27373 0 0 1 33.61807 0 0 0 1</matrix>
                            <instance_node url="#ID50" />
                        </node>
                        <node id="ID117" name="instance_18">
                            <matrix>1 0 0 3.691968 0 1 0 0 0 0 1 32.85495 0 0 0 1</matrix>
                            <instance_node url="#ID96" />
                        </node>
                        <node id="ID118" name="instance_19">
                            <matrix>0.1409012 -1.262177e-029 -0.1473815 26.97257 -1.262177e-029 1 -2.366583e-030 21.27411 0.9900237 -6.310887e-030 0.02097549 46.22612 0 0 0 1</matrix>
                            <instance_node url="#ID50" />
                        </node>
                        <node id="ID119" name="instance_20">
                            <matrix>0.9958844 -0.09063258 0 3.076964 7.142931e-015 7.84876e-014 -1 1.588691 0.09063258 0.9958844 7.881196e-014 32.83749 0 0 0 1</matrix>
                            <instance_node url="#ID85" />
                        </node>
                        <node id="ID120" name="instance_21">
                            <matrix>0.9958844 -9.427371e-029 0.09063258 -2.842171e-014 9.466331e-029 1 0 21.27373 -0.09063258 8.57958e-030 0.9958844 0.7108477 0 0 0 1</matrix>
                            <instance_node url="#ID50" />
                        </node>
                    </node>
                    <node id="ID121" name="group_7">
                        <matrix>2.634912e-009 0.74 0 25.49809 -0.66 2.954296e-009 0 20.48415 0 0 0.476 2.208175e-006 0 0 0 1</matrix>
                        <node id="ID122" name="instance_22">
                            <matrix>0.9980267 4.953299e-032 0.06279052 0.9753949 0 1 -7.888609e-031 0.01388786 -0.06279052 7.873043e-031 0.9980267 0.09888271 0 0 0 1</matrix>
                            <instance_node url="#ID50" />
                        </node>
                        <node id="ID123" name="instance_23">
                            <matrix>0.1409012 -1.262177e-029 -0.1473815 26.67409 -1.262177e-029 1 -2.366583e-030 0.02550107 0.9900237 -6.310887e-030 0.02097549 46.13794 0 0 0 1</matrix>
                            <instance_node url="#ID50" />
                        </node>
                        <node id="ID124" name="instance_24">
                            <matrix>0.9957247 1.256781e-029 -0.09237059 29.29946 -1.262177e-029 1 0 0.01388786 0.09237059 1.165881e-030 0.9957247 0.545165 0 0 0 1</matrix>
                            <instance_node url="#ID50" />
                        </node>
                        <node id="ID125" name="instance_25">
                            <matrix>0.9952274 1.248456e-029 -0.0975829 29.46931 -1.262177e-029 1 -7.888609e-031 21.27373 0.0975829 2.016765e-030 0.9952274 0.7434336 0 0 0 1</matrix>
                            <instance_node url="#ID50" />
                        </node>
                        <node id="ID126" name="instance_26">
                            <matrix>1.155187e-013 1.893266e-029 -1 27.29607 -2.872717e-029 1 1.893266e-029 0.1492218 1 2.872717e-029 1.155187e-013 42.67319 0 0 0 1</matrix>
                            <instance_node url="#ID67" />
                        </node>
                        <node id="ID127" name="instance_27">
                            <matrix>1 0 0 26.2384 0 1 0 0.01388786 0 0 1 33.61807 0 0 0 1</matrix>
                            <instance_node url="#ID50" />
                        </node>
                        <node id="ID128" name="instance_28">
                            <matrix>0.9978015 -0.0662739 3.786532e-029 3.017812 5.223176e-015 7.863869e-014 -1 22.84853 0.0662739 0.9978015 7.881196e-014 33.37923 0 0 0 1</matrix>
                            <instance_node url="#ID85" />
                        </node>
                        <node id="ID129" name="instance_29">
                            <matrix>1 0 0 26.2384 0 1 0 21.27373 0 0 1 33.61807 0 0 0 1</matrix>
                            <instance_node url="#ID50" />
                        </node>
                        <node id="ID130" name="instance_30">
                            <matrix>1 0 0 3.691968 0 1 0 0 0 0 1 32.85495 0 0 0 1</matrix>
                            <instance_node url="#ID96" />
                        </node>
                        <node id="ID131" name="instance_31">
                            <matrix>0.1409012 -1.262177e-029 -0.1473815 26.97257 -1.262177e-029 1 -2.366583e-030 21.27411 0.9900237 -6.310887e-030 0.02097549 46.22612 0 0 0 1</matrix>
                            <instance_node url="#ID50" />
                        </node>
                        <node id="ID132" name="instance_32">
                            <matrix>0.9958844 -0.09063258 0 3.076964 7.142931e-015 7.84876e-014 -1 1.588691 0.09063258 0.9958844 7.881196e-014 32.83749 0 0 0 1</matrix>
                            <instance_node url="#ID85" />
                        </node>
                        <node id="ID133" name="instance_33">
                            <matrix>0.9958844 -9.427371e-029 0.09063258 -2.842171e-014 9.466331e-029 1 0 21.27373 -0.09063258 8.57958e-030 0.9958844 0.7108477 0 0 0 1</matrix>
                            <instance_node url="#ID50" />
                        </node>
                    </node>
                    <node id="ID134" name="group_8">
                        <matrix>-0.66 1.901227e-014 0 20.48415 -1.649067e-014 -0.74 0 41.4132 0 0 0.476 0.5614944 0 0 0 1</matrix>
                        <node id="ID135" name="instance_34">
                            <matrix>0.9980267 4.953299e-032 0.06279052 0.9753949 0 1 -7.888609e-031 0.01388786 -0.06279052 7.873043e-031 0.9980267 0.09888271 0 0 0 1</matrix>
                            <instance_node url="#ID50" />
                        </node>
                        <node id="ID136" name="instance_35">
                            <matrix>0.1409012 -1.262177e-029 -0.1473815 26.67409 -1.262177e-029 1 -2.366583e-030 0.02550107 0.9900237 -6.310887e-030 0.02097549 46.13794 0 0 0 1</matrix>
                            <instance_node url="#ID50" />
                        </node>
                        <node id="ID137" name="instance_36">
                            <matrix>0.9957247 1.256781e-029 -0.09237059 29.29946 -1.262177e-029 1 0 0.01388786 0.09237059 1.165881e-030 0.9957247 0.545165 0 0 0 1</matrix>
                            <instance_node url="#ID50" />
                        </node>
                        <node id="ID138" name="instance_37">
                            <matrix>0.9952274 1.248456e-029 -0.0975829 29.46931 -1.262177e-029 1 -7.888609e-031 21.27373 0.0975829 2.016765e-030 0.9952274 0.7434336 0 0 0 1</matrix>
                            <instance_node url="#ID50" />
                        </node>
                        <node id="ID139" name="instance_38">
                            <matrix>1.155187e-013 1.893266e-029 -1 27.29607 -2.872717e-029 1 1.893266e-029 0.1492218 1 2.872717e-029 1.155187e-013 42.67319 0 0 0 1</matrix>
                            <instance_node url="#ID67" />
                        </node>
                        <node id="ID140" name="instance_39">
                            <matrix>1 0 0 26.2384 0 1 0 0.01388786 0 0 1 33.61807 0 0 0 1</matrix>
                            <instance_node url="#ID50" />
                        </node>
                        <node id="ID141" name="instance_40">
                            <matrix>0.9978015 -0.0662739 3.786532e-029 3.017812 5.223176e-015 7.863869e-014 -1 22.84853 0.0662739 0.9978015 7.881196e-014 33.37923 0 0 0 1</matrix>
                            <instance_node url="#ID85" />
                        </node>
                        <node id="ID142" name="instance_41">
                            <matrix>1 0 0 26.2384 0 1 0 21.27373 0 0 1 33.61807 0 0 0 1</matrix>
                            <instance_node url="#ID50" />
                        </node>
                        <node id="ID143" name="instance_42">
                            <matrix>1 0 0 3.691968 0 1 0 0 0 0 1 32.85495 0 0 0 1</matrix>
                            <instance_node url="#ID96" />
                        </node>
                        <node id="ID144" name="instance_43">
                            <matrix>0.1409012 -1.262177e-029 -0.1473815 26.97257 -1.262177e-029 1 -2.366583e-030 21.27411 0.9900237 -6.310887e-030 0.02097549 46.22612 0 0 0 1</matrix>
                            <instance_node url="#ID50" />
                        </node>
                        <node id="ID145" name="instance_44">
                            <matrix>0.9958844 -0.09063258 0 3.076964 7.142931e-015 7.84876e-014 -1 1.588691 0.09063258 0.9958844 7.881196e-014 32.83749 0 0 0 1</matrix>
                            <instance_node url="#ID85" />
                        </node>
                        <node id="ID146" name="instance_45">
                            <matrix>0.9958844 -9.427371e-029 0.09063258 -2.842171e-014 9.466331e-029 1 0 21.27373 -0.09063258 8.57958e-030 0.9958844 0.7108477 0 0 0 1</matrix>
                            <instance_node url="#ID50" />
                        </node>
                    </node>
                    <node id="ID147" name="group_9">
                        <matrix>1.04 -5.679799e-029 0 15.39502 5.679799e-029 1.04 0 13.46832 0 0 1.04 29.60722 0 0 0 1</matrix>
                        <instance_geometry url="#ID148">
                            <bind_material>
                                <technique_common>
                                    <instance_material symbol="Material2" target="#ID149">
                                        <bind_vertex_input semantic="UVSET0" input_semantic="TEXCOORD" input_set="0" />
                                    </instance_material>
                                    <instance_material symbol="Material3" target="#ID154">
                                        <bind_vertex_input semantic="UVSET0" input_semantic="TEXCOORD" input_set="0" />
                                    </instance_material>
                                </technique_common>
                            </bind_material>
                        </instance_geometry>
                    </node>
                </node>
            </node>
        </visual_scene>
    </library_visual_scenes>
    <library_nodes>
        <node id="ID6" name="Componente_1">
            <instance_geometry url="#ID7">
                <bind_material>
                    <technique_common>
                        <instance_material symbol="Material2" target="#ID9">
                            <bind_vertex_input semantic="UVSET0" input_semantic="TEXCOORD" input_set="0" />
                        </instance_material>
                        <instance_material symbol="Material3" target="#ID13">
                            <bind_vertex_input semantic="UVSET0" input_semantic="TEXCOORD" input_set="0" />
                        </instance_material>
                        <instance_material symbol="Material4" target="#ID19">
                            <bind_vertex_input semantic="UVSET0" input_semantic="TEXCOORD" input_set="0" />
                        </instance_material>
                    </technique_common>
                </bind_material>
            </instance_geometry>
        </node>
        <node id="ID32" name="Componente_2">
            <instance_geometry url="#ID33">
                <bind_material>
                    <technique_common>
                        <instance_material symbol="Material2" target="#ID9">
                            <bind_vertex_input semantic="UVSET0" input_semantic="TEXCOORD" input_set="0" />
                        </instance_material>
                        <instance_material symbol="Material3" target="#ID13">
                            <bind_vertex_input semantic="UVSET0" input_semantic="TEXCOORD" input_set="0" />
                        </instance_material>
                        <instance_material symbol="Material4" target="#ID19">
                            <bind_vertex_input semantic="UVSET0" input_semantic="TEXCOORD" input_set="0" />
                        </instance_material>
                    </technique_common>
                </bind_material>
            </instance_geometry>
        </node>
        <node id="ID50" name="Componente_4">
            <instance_geometry url="#ID51">
                <bind_material>
                    <technique_common>
                        <instance_material symbol="Material2" target="#ID13">
                            <bind_vertex_input semantic="UVSET0" input_semantic="TEXCOORD" input_set="0" />
                        </instance_material>
                        <instance_material symbol="Material3" target="#ID57">
                            <bind_vertex_input semantic="UVSET0" input_semantic="TEXCOORD" input_set="0" />
                        </instance_material>
                        <instance_material symbol="Material4" target="#ID58">
                            <bind_vertex_input semantic="UVSET0" input_semantic="TEXCOORD" input_set="0" />
                        </instance_material>
                    </technique_common>
                </bind_material>
            </instance_geometry>
        </node>
        <node id="ID67" name="Componente_7">
            <instance_geometry url="#ID68">
                <bind_material>
                    <technique_common>
                        <instance_material symbol="Material2" target="#ID57">
                            <bind_vertex_input semantic="UVSET0" input_semantic="TEXCOORD" input_set="0" />
                        </instance_material>
                        <instance_material symbol="Material3" target="#ID69">
                            <bind_vertex_input semantic="UVSET0" input_semantic="TEXCOORD" input_set="0" />
                        </instance_material>
                        <instance_material symbol="Material4" target="#ID78">
                            <bind_vertex_input semantic="UVSET0" input_semantic="TEXCOORD" input_set="0" />
                        </instance_material>
                    </technique_common>
                </bind_material>
            </instance_geometry>
        </node>
        <node id="ID85" name="Componente_5">
            <instance_geometry url="#ID86">
                <bind_material>
                    <technique_common>
                        <instance_material symbol="Material2" target="#ID13">
                            <bind_vertex_input semantic="UVSET0" input_semantic="TEXCOORD" input_set="0" />
                        </instance_material>
                        <instance_material symbol="Material3" target="#ID57">
                            <bind_vertex_input semantic="UVSET0" input_semantic="TEXCOORD" input_set="0" />
                        </instance_material>
                        <instance_material symbol="Material4" target="#ID58">
                            <bind_vertex_input semantic="UVSET0" input_semantic="TEXCOORD" input_set="0" />
                        </instance_material>
                    </technique_common>
                </bind_material>
            </instance_geometry>
        </node>
        <node id="ID96" name="Componente_6">
            <instance_geometry url="#ID97">
                <bind_material>
                    <technique_common>
                        <instance_material symbol="Material2" target="#ID57">
                            <bind_vertex_input semantic="UVSET0" input_semantic="TEXCOORD" input_set="0" />
                        </instance_material>
                        <instance_material symbol="Material3" target="#ID69">
                            <bind_vertex_input semantic="UVSET0" input_semantic="TEXCOORD" input_set="0" />
                        </instance_material>
                        <instance_material symbol="Material4" target="#ID78">
                            <bind_vertex_input semantic="UVSET0" input_semantic="TEXCOORD" input_set="0" />
                        </instance_material>
                    </technique_common>
                </bind_material>
            </instance_geometry>
        </node>
    </library_nodes>
    <library_geometries>
        <geometry id="ID7">
            <mesh>
                <source id="ID10">
